132 101 433 210 324 123
482 836
227 613 711 265 107 377
944 218 591 82 13
224 377 75 766
201 932
817 383 927
345 426
470 630 693
32 57 626 341
771 873 331 78 241 308 905 57 540 573
250 163 573
376 522 852 70
88 378 3 500 999
818 607 285 831
112 937 983
588 398 495 753 660 185 879 702
882 279 730 69 591
624 153 851 977
907 813 881 342 631 216 889 124
299 643 717
384 613 202 110 466 308 638 991
130 877 717 466 569 284
483 293 360 779 909 622 175 176 983 633 188
474 166 154 742 93
80 834 564
256 198 233 177 281 252 925 830 607
560 378 386 262
199 777 523 556 590 505 542
388 613 159 691 440 795 991
620 525 78 950
9 110 247
40 313 786 99 379
288 859 86 446
228 677 872 972 941 911 188
769 965 295 684 655 90 111
842 559 829 575
60 891 532 750 998
241 467 76 685
33 594 268 239
962 561 915 823 313 511
899 518 47 914 823 890
194 120 90 955 381 478
610 969 395 962 142 47 272 183 254
488 801 579 795
164 758 716 221 662 93
488 129 42 44 994
208 197 555 727 880 87 699 479
429 415
203 732 151
440 185 466 454 806
613 941 750 237 366 150 382 517
216 448 442 668
758
384 641 356 329 426 77 944 852 952 996 508 458
250 387 653
326 455 9 10 843 61 335 882 412 957
320 684 589 275 182 281 283
864 771 38 361 426 939 461 947 533
57 698 325 489
83 298 908 655 816 115 884 378 911
713 709 606
488 282 179 318
293 301 953 603 286 479
890 550 558 543
792 145 819
879 582 236 655 537 699 252
17 684
291 649 394 12 408 732
571 679 102 499
665 95 639
734 322 538 854 333
544 196 518 301 302 984 507 445
866 243 4 783
800 994 390 39 315 895
985 55 254 903
768 361 10 299 244 713 604 733 30
80 185 181 336 553
453 582 651 79 405 25 185
928 761 588
3 978 259 148 794 410
928 62
544 815 676 295 200 431 847
848 362 111 622 935
241 34 372 210 541
960 966 166 494 623 48 178 435 895
121 205 13 343
185 699 845 559
193 43 36 680 361 587 622
416 424 357
550 199 878 532 729 540
24 46 406 758
104 225 629
72 140 842 204 141 656 788 489 573
910 327
273 741 447
995 805 685 399 112 451 415
33 730 572 109 517
833 474
0 578 836 135 914 818 954 187
133 71 169 720 474 378
929 140 309
814 167 622 94 731 254 447
449 766 910 495
706 131 677 819 309 507 254
128 2 356 518 268 474 155 447
609 708 421 716 407 926
319 99 389 731 679
32 257 134 715 268 243 21 475 733
512 290 36 490 305 627 468 85 535 156
98 196 162 15 760 153 831
167 391 910 821 923 799
440 156 341 390 422
459 775 905 971 913 62
582 717 371 919 281 123
869 720 725 982 248 505 798
263 776 874 880 563 157 223
509 422
642 451 43 302 441 799
88 851 206 695
338 749
0 449 741 525 116 279 704
651 327 907 911 19 760
235 297 202 875 812 846 342
481 722 579 151 287
905 491 956 751
712 107 509 350 255
769 614 646 47 539 701
515 389 424 456 276 630 22 604 893
225 642 106 850 793 765
0 354 803 450 607
872 210 420 102 903
228 524 110 294 817
101 336 499 693 539 542
433 874 187 615
264 783 794 227 911
456 668 755 884 952 377 540 979 575
346 811 205 493
418 103 308 95
899 295 208 149 726 95
802 44 334 455
593 339 996 677 767
968 273 851 708 686
67 371 951 991
208 384 299 206 881
552 434 826 859 988 189
473 82 291
720 891 141 807
376 466 52 565 888 922
417 586 235 432 50 953 970 126 159
608 827 499
112 344 18 945
772 462 751 913 24 413
681 107 301 945 658 277 728 379
259 111 336 114 182 569
752 118 959
368 440 199 441 641
880 258 151 29 471
912 601 920 875
551 172 878 630 955 956
197 393 751 112 785 409 223
200 737 11 500 631
481 771 618 46 345 408 665
585 780 767
257 644 87 430 978 756 750 758 759 24 377 411
672 423 104 458 113 733
880 587 843 846
172 260 677 102 823
905 267 550 575
781 631
161 199 169 545 329 253
248 296 573 577 903
937 530 324 254
353 227 295 716 756 23
836 422 588 23 601 415
26 435 831
619 183 87 985 605 895
64 892 318 663
760 930 421 390 351
544 257 715 470 79
200 348 654 975 341 58 156
257 44 302 178 373 189
598 948 581 886 813
80 195 933 79 16 51 89 303
730 796 786
101 136 682 471 365 721 213 951 989
928 35 229 998 465 23 479
147 183 623
984 442 634 898
297 365 617
545 465 789 923 540 253
995 295 456 207 563 90 223 538 703
457 946 43 348
929 355 874 185 413 862
384 112 386 998 359 74 688 727 378
48 992 162
242 26 554 650
256 868 92 172 399 914 28 413 158
529 163 84 182
475 5 870 296 493 241 306 821 635
125 852 21 559 795 733 287
778 50 275 757 508 298 469
297 95 339 305
805 840 139 596 88 571
121 146 817
193 827 329
48 995 490 141 880 146 372
216 826 858
0 732 133 647 860 86 540
969 794 919
694 759
857 447 187 389 559
673 658 875 709 726
968 625 454 823
867 420 232 586 209 19 53
737 738 411
3 260 460 405 922 478
281 258 995 636 449
360 777 770 467 743
776 329 46 373 598 506
331 908 433 948 317 255
193 162 833 457 618 626 118 860 541
384 4 366 337 339 922 479
704 131 331 847 440 94
323 869
928 2 137 175 437 472 859 317
682 35 134
844 234 364 913 756 734 473 188 894
529 247
833 274 483 575
216 447 407 683 815
26 404 658 711
280 460 988 229 358
963 748 277 151 379 125
68 517 839 404 440 889
325 650 715 396 500 52 442
384 609 339 678 655
40 450 979 546 690
363 660 877
201 10 674 86 39
288 902 198 489 433 888 540
896 75 110
449 836 459 78 917 729 347
744 452 907 716 913
280 704 466 564 901
32 619 411 677 230
344 633 117 173
700 723 988
56 556 11 644
643
68 26 444
192 296 172 912 616 605 830
256 104 106 44 77 174 872
128 379 923 222
709 199 912 26 636 254
416 708 166 743 745 714 718 110 183 728 633 638 181
714 219 732 381 670 159
633 82 156 983
507 487 169 687 473 218 763
713 427 382 966
504 27 319
416 900 453 461 660 118 702
657 137 777
537 2
392 449 761 614 865
498 826 170 405
354 963 357 40 107 110 372 438 986 991
280 796
867 743
720 329 962 44 599
144 97 727
231 840 589 722 950 894
900 203 913 884 375 920 58
130 368 886 729 378 923
548 626 155 804 235
400 881 578 740
17 754 123 756 703
246 234 269 846 661
58 588 787 116 757 406 820 26 219 669
64 719
329 962 610 58 614
336 840 22 503
539 14 599
920 65 826 443 646
202 659 126
532 34 803 796 242
536 689 298 947 469
111 461 510 437
576 148 70
65 23
134 424 425 752 819 536
193 36 300 141 175 914 84
201 779 173 727 891 253
450 854 422 204 365 598 191 125 991
289 450 579 581 513 203 62
146 355 20 925 78
737 612 295 740 662 633 703
65 74 847 634 155 318
707 484 873 74 885 183 120 761
185 314 779 358
657 914 971
204 111
201 618 307 911
306 998
140 10 692 634 21
800 106 103 774 527
825 859
332 507 572 675 897
960
33 41 727
593 460 303
634 883 76 670
379 721 547 908 863
227 708 524 438 222 671
64 179 301
262 585 109 944 948 954
449 904 590 815 917 58 638
885 399
392 73 637 326 833
561 226 419 501 998
0 931 326 393 426 174
806 237 432 913 948 375 61
322 740 655 754 723 57 921 324 666 412 573
96 577 933 678 629 378 124
729 549 766 918
769 505 172 207 272 789 726 55 633 283 221
518
225 10 698 222 385
425 311 465
73 426 746
400 945 355 142 398
57 547
135 284 844 79 881 156
224 457 468 702 729
873 122 428 610
224 352 962 389 204 238 143 501
513 839 393 462 850 910
866 9 555 781 114 182 731
426 19 125
88 504 597 430
423 426 248 153 746 830
7 164 815
922 139 885 502 447
513 874 748 244 438 795
808 194 182 870 877
580 897 652 865
128 578
481 782 786 180 442 510
579 910 434 339 825 634
732 868 445 175
560 268 132
299 334 195
576 644 107 748 759 55
408 466 91 268 879
964 234 877 846 303 981 856
826 196 654 863
220 746 828 946 23
779 811 78 590 90 60
625 477 85 705
240 488 706 444 686
810 229
297 187 645 191
224 52 757 471 632 988 382
811 677 950 727
803 459 654 690 276 404 986 158
812 679 860 998 767
706 740 805 886 919
645 838 716 653 145 116 383
608 737 994 647 268 208 86 376 798
221 183 549 725
660 750 910
325 874 907 876 275 792
391 679 12 372 150 446
2 4 166 138 501 502
196 102 327 522 13 276 27 62
33 235 430 626 536 155 316 255
704 719
744 258 43 394 934
261 425 366 851 468 440 889 52
960 697 371 6
224 640 196 618 238 146 21 55
331
27 196 975
56 848 896 486 849
921 29
130 838 834 109 339 213 766
810 76 529 114 180 831
113 788 376 572 989 542
546 266 322 418 531 604
672 162 324 340 570 734
645 70 555 974 671 381 543
904 44 847 467 923 403
985 866 788 237 471
722 876 967
459 334 431 16 694 665 510
321 98 869 199 618 844 696 665
784 524 334 278
577 811 601
673 771 934
977 690 395 405 451
368 233 754 236 792
80 675 646 456 267 558 464 872 403 983 218 603 538 767
407 535 953 602 281 93
232 108 492 808 850 500 406 888
164 357 70
162 610 454
889 82 707 748 973
417 166 807 680 942 915 247 217 538
57 978 835 788 326
195 199 650 946 504 154 603
443 989 526
176 49 98 877
257 498 91 902 263
411 151 718 806 747
738 807 392 812 140 466 572
880 745 323 772 421
216 133 927
180 419 108
176 297 114 119
344 167 693 445
130 294 488 812 602 91 957
578 294 681 332 975 624 567 728 604 382
835 324 7 745 333 917 342 55 344 763 60 991
922 261 543
544 944 338 546 794
696 49 702 750
166 717 878 343 601 379 445
714 84 398 814 783
450 987 676 325 151
0 896 136 616 242 851 222
352 512 810 782 592 850 147 574
177 87 925 934 646
290 227
456 347 268 317 821
481 946 865
225 482 236 610 114 51 724 382 471 29 158
120 753 586 916 158
351 237 190 53
963 645 588 533 414 286
536 363 859 252
353 678 646 423 74 487 430 571
34 969 589 566 376 858
97 611 104 107 232 213 346 603
675 53
320 219 105 266 683 496 244 821 123
834 132 871 297 298 239 432 823 633
98 965 941 403 120 665
624 245
80 263
409 51 812 215 487
921 457 669 142 57
193 130 775 138 597 438 989 405
194 455 337 916 952 223
570 55 812 167 799
683 398 368 115 244 629 503 700
585 234 314 876 218
993 290 263 552 953 60
593 154 539 340 970
937 468 526
466 963 818 405
192 332 188 820
418 580 357 557 464 818 51 21 246 22 150
777 395 220 710 39
337 111 463 382 705
608 289 203 638 878
8 181 718
490 396 366 440 187 159
880 227 949 478 551
260 148 229 845
24 107 100 102
502 201 110 910 950 759 857
505 738 818 654 725
362 751 982 799
472 218 43 918
224 65 708 832 717 48 820 188 784
164 551 439 953 126 351
440 1 530 653 706
986 231 629 830 23
704 573 302 511
583 599
856 516 387 868 677
688 454 260 445 630
64 424 363 525 45 625 47
95 242 771 61 839
780 111 208 471 889 511
966 970 813 978 602 127
983 407 838 878 975
513 776 201 139 693 727
512 665 805 87
16 105 927
449 623
966
416 880 267 876
152 135 549 71
528 674 163 13 237 880 407
377 339 323 659 791
377 346 475 534
459 284
993 731 413 262 343
999 329 476 117 632 954 28
960 221
74 106 260 901 311
857 203 731 55
128 632 819 744 119
290 516 398 719 529 730 351
484 517 41 842 539 490
494 434 882 658 111
677 298 493 340 347 671 959
130 709
854 486 875 957 726 605 510
236 99 52 780 511
608 963 42 107 857 330 74
833
657 522 683 850 958
521 378 12 626 775
28 908
640 902 134 941 400 633 317
488 123 835 30 870
704 865 613 680 650 463 754 414 549
801 309 797
500 741
931 230 390 200 796 510
832 482 174
608 675 900 392 762 925
288 539 92 669 38
972 844 621 785 443 60
642 707 620 752 502 799
628 708 406 111
289 379 444 294
68 265 569 644 794 638
73 193 411 405 903
129 135 462 532 285 511
192 707 901 10 210 242 820 633 92 138
86 223
832 391 135 971 945 28
770 427 66 394
74 428 813 877 84 181 778
192 579 936 172 846 687 561
392 428 239
792 316 335
277 991
328 641 499 373 526
936 66 92 594 170
472 161 987 481
627 147 461 917
79
198 566
48 394 341
697 250 28 850 762
466 559 615
66 405
37 745 202 557 213 649 89
354 27 709 954
41 323 836 741 545
762 874
193 118
25 986 246
888 150
554 939 446
425 621 647
773 776 22 537 156 901
928 752 642 393 458 912 888
205 445 878 71
418 99 892 391 311
484 326 10 11 173 95
434 839
138 37 231 741 170
816 291 356
401 327 732 173 823
676 101 425 278 996 350
352 545 743 298 45 981 126
466 349 878
184 298 645 966 898
68 710 742 80 659 116 950
485 614 679 682 664 927
890 735 967
672 319 460 165 999
216 441 882 694 151
168 90 691 805
176 706 646 16 81 281 954 443
58 274 446 669
320 361 28
17 3 791
972 782 434 878 790 671
462 143 849 910 314 731
40 924 550
735
801 205
456 343 855
645 297 184 792 602 221 831
272 285 485
886
160 832 771 430 176 401 926
424 491 598 406
921 65 447 413 405
130 996 392 425 78 817 698
688 178 516 253
706 63
26 132 14
152 531 372 469 518
108 741 238
440 409 338 283 44
447
809 866 300
2 52 21 526 29
129 583 266 880 695 283
136 704 557
728 433 892 253 622
682 842 191
384 164 869 620 845 399 306 223
738 963 840 784 178 247
618 534 30 989
567 883 533 974 647
104 23 616 85 791 90
496 189 886 87
929 452 425 18 728 985 669
488 784 362 215
9 522 654 816 277 727 379 650 223
552 897 868 726 111
752 535
459 483 94 638 327
161 130 487 8 942 697
163 873 171 19 662 963
505 509 366 933
257 450 259 710 329 300 750 724 981 23 248 540 524
352 997 301 308 920 315 924 190
201 835 843 910
256 219 923 711
649 322 660 910 982
320 257 712 469 943 629 537 700 21
72 648 971
384 524 958 687
972 549 158 55
120 570 131 534 702
716 20 917 665 251 669
356 166 841 909 537 250
581 871 712 394 365 945 371 598 443 957
129 739 588 817 435 405 445 286
837 966 874 621 210 372 567 862
639
689 559 637 70 655
198 237 526 626 852 413 798
80 124 828 661
880 713 349 761
56 482 371
359 626 368 754 182 476
68 326 649 812 238 689 841 36 797 62
737 845 95
264 304 676 886 521
512 673 997 233 214 155
501 582 287
912 263 240 16 374 637
896 651 719 912 280 943
631 300 973 46 935
179 917
583
451 164 72 494 399 643 398 924 829
968 793 326 998
742
138 53
643 455 589 624 532 792 281 924
258 315
592 513 394 317
393 831 585 167
214 402 658 886 695
241 500 678 950
448 531 405 311
432 657 578 84 765
513 35 486 936 169 106 367 247 696 143 828
674 445 238 327
376 369 583 109 71
90 411 989 526
752 425 155 952 995
228 583 617 754 826 187
232 449 874 459 521
58 947 36 69
98 827 901 39
996 871 363 144 727 959
640 545 898 260 854
802 196 487 823 857 605
649 655 733 878 289
368 403 949 239
587 29 829
787 308
8 423 987 493 135
805 745 586 907 398 975 212 758 919 746
121 614 814 673
849 699 677 429 399
556 741 630 383
331 604 61
48 89 696 68 765
897 459 803 638 249
129
642 263 429 16 337 987
193 279 300 782 791 986
225 484 615 526 246 123 380
362 468
482 106 363 588 878 370 606
410 540 534 302
257 108 144 535 317 479
256 515 999 560 214 63
633 467 582 751
920 233 2 636
128 848 645 638
768 261 652 78 975 63
257 258 764 922 431
963 903 237 110 181 828
643 108 46 175 371 245
840 878 116 430 22 20 479
257 834 417 722 470 863
282 380 661 510
272 804 117 102 149
316 187 852 775
936 718 274 397 126
249 326 857
440 633 802 875 853
476 878 117 761 732 373
801 516 329 749 910 141 977 627 214
196 273 296 493 686 367 48 977 626 313
257 155 616 425 624 795
328 878 337 244 276 92
17 186 99 757 510
104 818 109 593 978 341 504 508
353 258 70 577 210 50 725 952
995 167 202 876 78 689 110
880 73 747 229 393
584 595
798
656 217 163 300 372
217 418 619 476
646 807
326 300 370 278 856 859
960 97 803 609 811 528 561 920 697 123 575
837 582 848 881 949 24 667
257 579 220 270 870
245 381 509
257 426 419 694 559
870 360 333 694 761 344 889 894
417 818 734 945
410 347 356 235
929 998 726 824 122 767
38 166 429 52 374 633 891
162 710 973 154 477 127
294 681 628 534 570 157
16 441 991
326 682 526 404 846 279 889 654
138
279 229 166 175
203 366 856 281 730 795
694 166 973 46 54 764 93
356 475 212 166
112 180 124 817 820
869 266 652 302 81 884 725 746
562 531 556
426 260 966
714 758
131 676 699
328 105 4 389
369 749 405 165 143
713 971 78
129 36 329
220 543
164 489 10 402 948 601 60
154 419
569
309
805 456 777 522 721 115 917 842
569 221 118 493
264 220 467 28 775
544 796 203 844
900 296 361 782 303 820 23
490 517 842 165
171 341
962 779 814 592 434 703 351
137 75 431
400 625 619 479
162 860 533
33 965 903 920 186 351
281 692
995 391 396 831 412 95
192 329 910
592 873 831 935
841 703 501 622 591
547 67 404 598 375 669
666 875 131
903 137 428 82 211 537 921
202 45 757 728 347 29
288 529 186 778 269
655 527
736 869 650 372 117 922
997 807 458 113 534 120 923 477
76 309
726 596 45 982 527
688 724 142
288 368 700 132 741
720 907 277
994 98 775 587 205 494 370 694 831
417 51 860 325
418 739 837 149 411 799
994 407 348 935
920 612 826 867 956
928 364 434 812 390
930 741 361 139 367 401 820 886
458 418 454 424 810 655 369 125
544 491 19 855 184 956
104 695 782 894 431
232 320 84 345
576 626 971 62
6 134 646 206 760 604
101 747 14 464 466 731 476
106 67 509 294
811 779 465 760 281 540 479
864 449 936 201 113 438
577 450 41 42 688 215 169
749
352 310
359 809 682 267 878 209 147 920 286
152 930 685 207
360 651 677 715
665 691 37
344 26 483 253
672 790 390 14 112 177 788 598 920 805
601 530 479 542 879
520 322 231 100 223
450 389 871 718 25 958
426 635 412 525
176 1 244 101 561
850 807 742 647
968 492 371 916 389
848 489 236 944 850 340 574
930 619 205 717 274 879 284
791 947 644 655
37 775 617 780 950 511 95
168 57 635 852
336 778 229 533 399
656 89 618 473
545 358 168 754 280 125
225 395 84 301
387 742 839 712 878 85
696 593 387
131 837 839 521 556 434 340 407
18 144 433 882 979 121 382
202 843 12 941 721 55 650
724
516 73 879 949 297 953 932 687
938 597 950 813
486 740 358 862 757
518 688 723 213 475 508 979
209 446
34 227 740 147 310 444
369 210 785 806 223
908
856 905 195 647
963 316 718 359
907 60 821
266 349 526 439
612 75 396 341 869
216 809 270 929
627 353 891 486 199
226 618 866 399 117 761 798
201 746 348 525 743
450 834 893 686 645
929 35 133 904 405 254
962 10 875 302 338 790 631
195 647 136 683 910 562 118 375 347
160 516 873 724 214 793 125 894
397 498 460 733 375
544 358 240 22 348 415
992 161 706 580 492 717 430 848 689 469 886 592 729 826 571 92 725
832 68 357 840 16 854
208 419 614 168 652 48 498 500 118 472 734 159
336 146 19 742 278
512 586 975 17 851 57
315 621 979
761 138 275 62 979
321 346 302
673 811 878 623 657 370 276 974 600 184 949
242 565 570 150 407
746 236 754 19 410 490 382
584 42 66
992 868 38 296 750 149
616 179 572
130 916 871
746 875 274 814 229
178 76 87
433 939 387 661 243
627 700 349 311
581 190 687
42 939 141
275 531 978 779 263
569 507 540 685 246
416 242 524
133 715 173 77 786 538 794
320 872 395 953
10 115 170 862 127
911
864 804 19 245 694 375 124
523 316 222 62 861
644 23
96 352 635 726 593 105 874 113 340 789 374 475 637 965
35 137 906 306 124 62
160 256 253 916 661 660 986 570
115 229 275 245 154 325
304 42 295 101 199
41 411
838 457 893 912 441 989
320 643 775 552 426 244 663 922
328 478
933 998 370 211 980 694 116
160 741 711 809 977 786 275 634 826 286 831
960 388 326 455 935 972 794 603
224 967 714 427 977 917 150 218 346 798
192 395 113 276 799 636 255
984 665 594 634 669
531 26 299 435
601 108
583 420 6 495
227 810 81 83 570 188
867 103 872 749 624 195 980
840 827 811 180
324 529 979 972 933
5 854
632 185 931 919 327
402 435 381
808 921 85 790 662
545 722 677 550 821
463 174 15
855
896 899 60 566
852 35 524 451 52
946 411 630
986 661 638
319 839 3 428 55
645 747 334 153 155 542
360 194 413 942 439
289 684 60 841
993 771 325 184 222 319
472 690 886 854 742
674 582 842 367 274 855 475 30
145 187 983
457 138 732 681 55
65 406 481 904 461 854 151
560 505 588 101 319
161 43
161 809 963 813 127
424 57 516 645
640 521 834
513 157 686
741 87 312 921 506 383
41 44 782 272 339 873 283
863 235 518 619 268 464 631 443 956 715
358
786 451 36 910
261 647 491 497 87 763 581
584 922 397
144 666 838 215
211 44 446
491 462 151
768 816 304 115 542 639
641 931 592 35 533 921
410 758 662 751
394 621 886
386 182 425 492 882 694 713
18 403 726 727 920 922
900 166 491 82 731 412
931 138 239 883 884 857 851
929 919
633 579 358
801 117 988 477 637
259 23 492 15 405 951
74 924 190
624 178 396 77
912 483 268 943 368 564 703
432 693 702 551
249 234 147 982 366
996 391 456 620 680 916 187 414
548 753 297 426 268 145 21 29
891 197 878
504 948 461
808 372 76 805 47
193 98 681 208 788 219 733
578 686 143 55 604 989
634 658 799
323 196 38 749 369 307 919 666 188
505 13 709 585
